sample_index,time_seconds,real,imag
0,0.0,0.0848356916896161,-0.12196337970227202
1,2e-06,-0.1875,0.09375
2,4e-06,0.02110329803775328,-0.17857712618805574
3,6e-06,-0.0730497508783357,0.07153790606926302
4,8e-06,0.08832680571693649,-0.06642268325561326
5,9.999999999999999e-06,-0.008594776089636595,0.11904501438579831
6,1.2e-05,-0.17129962399823612,-0.02134853506848461
7,1.4e-05,-0.026058662549907706,-0.06694175713917752
8,1.6e-05,0.08957050629529277,-0.06242569349378378
9,1.8e-05,-0.08459708691207961,-0.02209708691207961
10,1.9999999999999998e-05,-0.14006702698031356,-0.21323955961075675
11,2.2e-05,0.06333307017101336,0.021632401201195223
12,2.4e-05,0.24020245108242547,0.11367779694226464
13,2.6e-05,0.17639550186752367,0.03924065295599962
14,2.8e-05,9.059616615575417e-05,-0.01821219164950682
15,2.9999999999999997e-05,-0.021284029220243736,0.02663335859140292
16,3.2e-05,0.045945361942939786,0.024811311979899324
17,3.4e-05,-0.03125,-0.0625
18,3.6e-05,0.18350459991434442,0.06985827317758528
19,3.7999999999999995e-05,-0.190891591251279,-0.06912917509987791
20,3.9999999999999996e-05,-0.02156335301072769,0.2214929302076084
21,4.2e-05,-0.08997778734470559,-0.26506102356554667
22,4.4e-05,-0.13392374345776106,0.15029749802623782
23,4.6e-05,-0.34690967487777674,0.007665650125855475
24,4.8e-05,-0.012206262179040025,-0.09480279097127445
25,4.9999999999999996e-05,0.04040291308792039,0.05870873926376116
26,5.2e-05,-0.14060421168485238,0.06314713012238916
27,5.4e-05,0.18895882328871327,0.07185351821421221
28,5.6e-05,0.11976031493749827,-0.1480058756400425
29,5.8e-05,0.013352305307681176,-0.1138955018675237
30,5.9999999999999995e-05,-0.13085246583632762,0.04821179459520373
31,6.2e-05,-0.06228301581461734,-0.044587443450287735
32,6.4e-05,-0.17384684692412258,-0.3249813646282744
33,6.599999999999999e-05,-0.1875,-0.09375
34,6.8e-05,0.10765139419487009,0.07032919321980788
35,7e-05,-0.10372694441830119,0.08449995409733005
36,7.2e-05,-0.08053652840273476,-0.1017357994040923
37,7.4e-05,0.09698312373795503,-0.15565666673747988
38,7.599999999999999e-05,0.060512796604612076,-0.2067411682825821
39,7.8e-05,-0.09165882700713829,-0.09637861347036952
40,7.999999999999999e-05,0.011666011038879195,-0.0003886503784240568
41,8.2e-05,-0.04040291308792039,0.02209708691207961
42,8.4e-05,-0.2168723224751309,-0.036483465422137415
43,8.599999999999999e-05,0.11344362512562353,-0.2733411194590608
44,8.8e-05,0.034841898379141506,-0.07217210991715824
45,8.999999999999999e-05,0.036992845780794745,0.049147694692318826
46,9.2e-05,0.1218305050565393,0.09186398285617323
47,9.4e-05,-0.24629750625925945,0.04101615392687171
48,9.6e-05,0.012027933124973602,-0.07957528590721832
49,9.8e-05,-0.34375,0.0625
50,9.999999999999999e-05,-0.1855505738891023,0.017650824660618743
51,0.000102,0.014114895954642104,0.08986801022992176
52,0.000104,0.06384105273529732,-0.1472965873813098
53,0.000106,0.0015894396963871404,0.05167267591722824
54,0.000108,0.0989717357213413,0.002860182363600236
55,0.00010999999999999999,0.03785046913818585,0.15565472048369156
56,0.000112,0.015230909714824239,-0.017450842195289064
57,0.00011399999999999999,0.08459708691207961,0.19129126073623884
58,0.000116,0.2976115381790682,0.030538034743911948
59,0.000118,-0.01218212799207638,0.003078504747016396
60,0.00011999999999999999,-0.018095946141199734,-0.12276097625502005
61,0.000122,0.02325934704400038,0.02550715421920525
62,0.000124,-0.2721064955529605,0.12984513245599538
63,0.000126,0.2566412465907575,-0.02306206906798689
64,0.000128,0.0848356916896161,-0.12196337970227202
65,0.00013,-0.03393793674359537,0.1281113947606583
66,0.00013199999999999998,0.1875,-0.09375
67,0.000134,0.052359346128343164,-0.009697722894097455
68,0.000136,0.21022030707444572,0.020745130086128792
69,0.000138,0.22767069214130967,-0.08968725657985036
70,0.00014,0.03756177265019536,0.1542984149554441
71,0.00014199999999999998,-0.09288141860914889,0.004437603014283861
72,0.000144,-0.05746461329880591,0.09576680463700091
73,0.000146,0.026974420408344184,0.06092734565774756
74,0.000148,0.0037912607362388384,0.10290291308792039
75,0.00015,0.22666077557684636,0.0266900048195991
76,0.00015199999999999998,-0.20896108825314283,-0.10259795990090753
77,0.000154,-0.17883623080280328,-0.09423742767556807
78,0.000156,-0.024198677471397367,0.22577438447419387
79,0.000158,-0.1491273578565773,-0.10670181924767971
80,0.00015999999999999999,0.09528193504482685,0.15928098170333416
81,0.00016199999999999998,-0.16316199874296655,-0.1996136746658942
82,0.000164,-0.21875,0.0
83,0.000166,-0.10564161277800463,0.00484307507275538
84,0.000168,-0.01569706263831261,0.10642384819021024
85,0.00016999999999999999,0.008408567455913438,0.13685564344808177
86,0.00017199999999999998,-0.13548043791667272,0.04535643395607998
87,0.000174,-0.15828945201380318,0.12653991466976117
88,0.000176,-0.0578514161279453,-0.12052836361919472
89,0.000178,0.07878950767568099,0.010032023885956774
90,0.00017999999999999998,-0.12879126073623884,0.16540291308792038
91,0.00018199999999999998,0.07158898657829085,0.007322859498496065
92,0.000184,-0.17964514895294884,-0.007509564948053077
93,0.000186,-0.009695288878633978,-0.010062752626880153
94,0.000188,-0.04120302787167239,-0.09376904808094443
95,0.00018999999999999998,0.10635062102220494,0.19702624010717296
96,0.000192,-0.08903479377107068,-0.171999436363668
97,0.000194,0.03215493344968061,0.1690331415632359
98,0.000196,0.0,-0.09375
99,0.000198,0.031577216665114656,-0.17196187186588588
100,0.00019999999999999998,-0.03455988577437642,-0.04222983565474384
101,0.000202,-0.11343466565835855,0.10535561786834774
102,0.000204,-0.10764429412267304,0.014895758868715123
103,0.000206,-0.0789387641800115,0.03213812572211561
104,0.000208,-0.005497762529896796,0.020834410923477507
105,0.00020999999999999998,0.0638461619262802,-0.08985576769469904
106,0.000212,-0.12879126073623884,0.14709708691207962
107,0.000214,0.14209476342203112,-0.2013572619865944
108,0.000216,0.10544579382175787,0.013093338256021485
109,0.00021799999999999999,0.14584597292133852,0.004104438154101997
110,0.00021999999999999998,-0.25927219164939874,0.12019648464660224
111,0.000222,-0.2310438238572253,-0.07756184242505151
112,0.000224,0.10747508017083485,-0.0015724994407644438
113,0.000226,-0.13459914526662042,0.2989919400725039
114,0.00022799999999999999,-0.21875,0.0625
115,0.00022999999999999998,0.17138515136559132,0.011263601084545764
116,0.000232,-0.01979831571680135,0.05522590032336015
117,0.000234,0.14887820779163935,0.09524344727028575
118,0.000236,0.33056295938915037,0.0354493922197608
119,0.00023799999999999998,0.11278002090364443,-0.08424235419393133
120,0.00023999999999999998,-0.09257455569167042,0.21731549570703473
121,0.000242,-0.04684263800344052,0.049150291717127655
122,0.000244,0.0037912607362388384,0.20959708691207962
123,0.00024599999999999996,-0.059694541068302104,-0.0938793790254554
124,0.000248,-0.10700459956062155,-0.2931508563520162
125,0.00025,-0.052060559673768284,-0.07434840515515553
126,0.000252,0.1996738969924685,-0.002201821039851684
127,0.000254,-0.039179911298993925,-0.1648591723500341
128,0.000256,-0.15033387379627258,0.05090260645277982
129,0.000258,-0.03393793674359537,0.1281113947606583
130,0.00026,-0.07388218218477621,0.05204289599329219
131,0.00026199999999999997,-0.03125,-0.15625
132,0.00026399999999999997,0.055816871887408456,0.21229011308631257
133,0.000266,0.19163590257001054,0.1797372073230752
134,0.000268,-0.22093725833666278,-0.05190234573106692
135,0.00027,-0.15029501438579831,0.10371128608149996
136,0.000272,-0.0577989696998064,0.10022013525528596
137,0.000274,-0.129253233240085,-0.19845026579048802
138,0.000276,0.10939292226895106,-0.2009702281161092
139,0.000278,0.04040291308792039,0.009152913087920388
140,0.00028,0.19041813830507742,-0.04528360207648123
141,0.00028199999999999997,-0.21327345259352476,0.05806915129308423
142,0.00028399999999999996,0.06251519589692564,-0.07852363146263226
143,0.000286,-0.16887801461134364,-0.15015326708086404
144,0.000288,-0.2201952205864446,-0.022233661098172874
145,0.00029,0.14813667554670332,0.011041680380386207
146,0.000292,-0.170947201672846,0.04832313435247052
147,0.000294,-0.125,0.0625
148,0.000296,0.06504456915427767,-0.07053484065383643
149,0.000298,-0.0773425708799407,0.16487115597823898
150,0.0003,0.1114410070016312,0.058151441927806316
151,0.00030199999999999997,0.23381102356554667,-0.12062366421106863
152,0.00030399999999999996,0.028721197647635338,0.0644446578027632
153,0.000306,-0.08306865465735877,-0.1400725420817538
154,0.000308,-0.0029628821639453677,0.10757203586041109
155,0.00031,0.11048543456039805,-0.0015703916154427289
156,0.000312,0.20430036370339727,0.16558133331036565
157,0.000314,-0.041715273790192735,0.011242667610442646
158,0.000316,-0.08914074434401427,-0.0824465772084635
159,0.000318,-0.14560787769622638,0.32589040146957005
160,0.00031999999999999997,-0.002568286927988113,0.15328577423644957
161,0.00032199999999999997,0.15172872612143462,0.04935687051884265
162,0.00032399999999999996,-0.07259916802186958,-0.10371300325944531
163,0.000326,0.03125,0.09375
164,0.000328,0.24917322716857881,-0.1474574922620981
165,0.00033,-0.13192279866255477,0.06747589658438054
166,0.000332,0.12656006675879194,-0.010933815005664472
167,0.000334,0.12440666673747988,0.1614537568634554
168,0.000336,0.07225514977126936,0.009737610950988393
169,0.000338,-0.018848218315689204,-0.13715118576528612
170,0.00033999999999999997,0.02824749157517839,-0.126004321242298
171,0.00034199999999999996,0.08459708691207961,0.05334708691207961
172,0.00034399999999999996,-0.11195990083731205,0.013742641814114127
173,0.000346,-0.019275080359567195,-0.1031176842461762
174,0.000348,0.1653103322046979,0.07503261769499929
175,0.00035,0.28315470990798053,-0.07840012351240974
176,0.000352,0.2878032815808611,0.2693287210528026
177,0.000354,0.00947983444516004,-0.04092517038852285
178,0.000356,-0.0019296788966483153,-0.08504137473463586
179,0.000358,0.0,0.0
180,0.00035999999999999997,-0.03164632056194652,0.07164301409003106
181,0.00036199999999999996,0.06940616226912186,0.014692435410942131
182,0.00036399999999999996,-0.024346325866714362,0.09307306645724354
183,0.000366,-0.08292267591722824,-0.14454137873388673
184,0.000368,0.11843427463258327,-0.06698393948854081
185,0.00037,0.0026167156198591765,-0.1278793969557458
186,0.000372,0.00790400379931917,0.13101416584967765
187,0.000374,-0.11048543456039805,-0.3109296083845573
188,0.000376,0.05562974647715581,0.12324213739495544
189,0.00037799999999999997,-0.027512888553352162,0.10702917004601245
190,0.00037999999999999997,0.04537442198198162,0.17432593862441492
191,0.00038199999999999996,-0.09366881760041049,0.15266298912370374
192,0.000384,0.09657187828525321,0.16897739658506084
193,0.000386,0.16920815447997584,0.08408001008256778
194,0.000388,-0.07388218218477621,0.05204289599329219
195,0.00039,0.048912898475549915,-0.06430533332107535
196,0.000392,-0.0625,-0.15625
197,0.000394,0.0013962691182191692,0.11252423711353705
198,0.000396,0.023236681439624873,0.07234632298044338
199,0.00039799999999999997,-0.21980096709382446,-0.11861607366248159
200,0.00039999999999999996,0.03303543134650218,-0.007005336393249448
201,0.00040199999999999996,-0.2810176282947627,0.10425188403220947
202,0.000404,0.055432181850620044,-0.2106574780939468
203,0.000406,-0.3142483858743977,-0.043387824366258515
204,0.000408,-0.22633252147247768,-0.08080582617584078
205,0.00041,-0.12003805976515385,-0.14570005541372305
206,0.000412,-0.08217204408934534,0.14304131653915736
207,0.000414,0.06838993412019968,0.06724052042272155
208,0.000416,0.07208009265238677,0.08502426647654598
209,0.00041799999999999997,-0.06527704360526056,0.005708569901610894
210,0.00041999999999999996,0.2103612589820713,0.06158555715636817
211,0.00042199999999999996,0.12545952077584915,-0.05359379274984751
212,0.000424,0.0,-0.09375
213,0.000426,-0.20122199143231528,0.08420123495751536
214,0.000428,-0.28026751432969566,0.014401162267431426
215,0.00043,0.08263345043815618,0.06440901284722289
216,0.000432,-0.13346381865581922,-0.09857256343434219
217,0.000434,0.2161700959969574,-0.15292955034404498
218,0.00043599999999999997,-0.08167301738857373,-0.15533670801284777
219,0.00043799999999999997,0.13781067652129403,0.013862114661410713
220,0.00043999999999999996,-0.03125,-0.27588834764831843
221,0.00044199999999999996,-0.07905267248182458,0.13942832060274235
222,0.000444,-0.02333709958076942,0.17580192353775512
223,0.000446,-0.10292189637753998,-0.029778620461757863
224,0.000448,0.014337621870431336,-0.06110655195372788
225,0.00045,0.0763133251567479,-0.037208683943393654
226,0.000452,-0.07997453216616404,-0.1565124584801488
227,0.000454,0.1404057631747686,0.11897886810270955
228,0.00045599999999999997,0.125,0.15625
229,0.00045799999999999997,-0.06712531713375816,-0.006587704949200537
230,0.00045999999999999996,0.15560261925321872,0.027619688500170936
231,0.00046199999999999995,-0.032066519383938466,-0.08476208560178022
232,0.000464,-0.1839237789948206,0.007005336393249448
233,0.000466,0.031422411312655385,0.07266560836257815
234,0.000468,-0.010584109858595963,-0.02776485807375738
235,0.00047,0.0026091741819578296,-0.008606260457496937
236,0.000472,0.03883252147247768,-0.16919417382415922
237,0.000474,-0.126225709504777,-0.07201623996917567
238,0.00047599999999999997,-0.038532802521312796,-0.0025223864558608228
239,0.00047799999999999996,-0.014566328568003769,0.06309375791597327
240,0.00047999999999999996,-0.009580092652386768,0.0033640811717724553
241,0.00048199999999999995,-0.11833124222796988,-0.332289962556697
242,0.000484,0.12057463562636467,-0.1503277919430278
243,0.000486,0.05241547739560865,0.09682366405262088
244,0.000488,0.1875,0.21875
245,0.00049,-0.023601879154827962,-0.015593619818350113
246,0.0004919999999999999,0.06481656128517047,-0.07775552139636419
247,0.000494,0.06103160491864987,0.12774536972308423
248,0.000496,0.15935216630413765,0.09857256343434219
249,0.000498,-0.012701589802620802,-0.05424183561687558
250,0.0005,0.25021329304486806,-0.24640599876440344
251,0.000502,-0.01658842935399364,0.36700525937457396
252,0.000504,-0.03125,-0.09911165235168155
253,0.0005059999999999999,-0.0609073349421992,-0.16947947722670847
254,0.000508,-0.06934640145689087,-0.10293250597273321
255,0.0005099999999999999,-0.01947597335033597,-0.01610857647961918
256,0.000512,0.04816237812956867,-0.027281795694590567
257,0.000514,-0.16980163323910985,-0.03273272513202411
258,0.000516,-0.21434971009059042,0.1354197362117638
259,0.000518,0.048912898475549915,-0.06430533332107535
260,0.00052,0.18128182665236228,-0.023864392357084714
261,0.000522,0.1875,0.0625
262,0.0005239999999999999,0.024326112462114018,0.0309900209240333
263,0.000526,-0.1969574488817825,-0.0810828496057331
264,0.0005279999999999999,0.1452290085893857,-0.05185646984964378
265,0.00053,0.07726480143489772,-0.0471310754314653
266,0.000532,0.08058680864400744,-0.38522950413077917
267,0.000534,0.03304473062904037,0.1846235426383699
268,0.000536,0.025359409830598506,0.2663465016989528
269,0.000538,0.10133252147247768,0.05713834764831845
270,0.00054,-0.16733511375881813,-0.24759075377929982
271,0.000542,0.1709534298798399,0.1182790603402291
272,0.000544,-0.17524082963480267,0.12367442706722145
273,0.0005459999999999999,-0.1293953838698758,0.05956309839269394
274,0.000548,0.01351789561056145,-0.007801468125548272
275,0.0005499999999999999,-0.19499491631665514,0.12802406095739405
276,0.000552,-0.02130849526042666,0.11789679774780279
277,0.000554,-0.125,0.0
278,0.000556,-0.140818520915892,-0.10248657434842202
279,0.000558,-0.06587299440246121,0.04860685516670927
280,0.00056,0.06487630815090772,-0.13961820839652725
281,0.000562,0.06689538386987581,0.037616016995376145
282,0.0005639999999999999,0.15985314119800204,-0.05675114154894999
283,0.000566,0.050907259017266254,-0.08775289096428
284,0.0005679999999999999,0.08131718085589375,-0.11500505439678513
285,0.00057,-0.13794417382415922,-0.11963834764831845
286,0.000572,0.048832408505295445,-0.09119857051201162
287,0.000574,-0.16453961140850282,0.1560732624097682
288,0.000576,-0.1646758660864058,-0.2594244747947839
289,0.000578,-0.13976480143489772,-0.011727669347057715
290,0.00058,0.018110082941312135,0.21246420121445186
291,0.0005819999999999999,-0.22492110942836027,-0.024726601764603257
292,0.000584,0.02522892744721042,0.09025878989390437
293,0.0005859999999999999,0.1875,-0.1875
294,0.000588,-0.08662785642946888,-0.3261056464970142
295,0.0005899999999999999,0.08035623332130407,-0.020199896832516648
296,0.000592,-0.13827006897099314,-0.05426492578437176
297,0.000594,0.029429372389261493,-0.21045144604101237
298,0.000596,0.026668687447953202,0.10216410008016286
299,0.000598,-0.07526827132769925,0.13585096213433784
300,0.0006,0.05598281195111593,-0.06489491318757991
301,0.000602,-0.16383252147247768,-0.11963834764831845
302,0.0006039999999999999,0.011230160972336117,-0.09335846632739411
303,0.000606,-0.04985659996895174,-0.300297240425847
304,0.0006079999999999999,-0.15143330955888692,0.09760246796206978
305,0.00061,-0.013910442305964957,-0.10375727221685316
306,0.000612,0.025561827207506563,0.19730322324454513
307,0.000614,0.14604321327445133,-0.010868497297506538
308,0.000616,0.011388519930129262,0.040320929057650674
309,0.000618,-0.25,0.0
310,0.00062,-0.08914137197730088,0.05828910061567909
311,0.0006219999999999999,-0.030914137685378804,0.08928754362322205
312,0.000624,0.030193369107520733,-0.046522032830004945
313,0.0006259999999999999,-0.04858955769403504,-0.030033495522898468
314,0.000628,-0.042496512947689566,-0.17553244188680173
315,0.0006299999999999999,-0.04529537067028894,0.15744342913652765
316,0.000632,-0.005696790813609701,0.042494732136412916
317,0.000634,-0.04955582617584078,0.05713834764831845
318,0.000636,0.045980790548460514,-0.08209250066884431
319,0.000638,0.006831129145933076,0.23933326532416815
320,0.0006399999999999999,0.03576799781000062,-0.023144173967233353
321,0.000642,-0.0919293723892615,0.05592184317121694
322,0.0006439999999999999,0.07175146049162051,-0.03306357825380685
323,0.000646,0.06048446482224565,-0.2325940048402396
324,0.0006479999999999999,0.18128182665236228,-0.023864392357084714
325,0.00065,0.10267878629786212,0.0352591323570869
326,0.000652,0.0625,-0.0625
327,0.000654,-0.07550386826651573,-0.19908319603941554
328,0.000656,0.10164270636282915,-0.013799329917497952
329,0.000658,0.3274914130445774,-0.00450556811969316
330,0.00066,0.33564743769112737,-0.03881347339153323
331,0.0006619999999999999,-0.08418774998764736,0.07019406098086609
332,0.000664,-0.038720858997370745,-0.0387643356829453
333,0.0006659999999999999,-0.07513283778086896,-0.16521191150314135
334,0.000668,-0.02209708691207961,-0.14173543456039805
335,0.00067,0.07876047492685306,-0.03693643288185983
336,0.000672,-0.036773006712412945,-0.041620071081569864
337,0.000674,0.07157018261805895,-0.00674046017953768
338,0.000676,-0.2131571597339671,-0.09404622213064893
339,0.000678,-0.12140392604390324,-0.1731575524873475
340,0.0006799999999999999,0.11755913792966458,0.20716244922467666
341,0.000682,0.08303241510783894,0.11017313471371284
342,0.0006839999999999999,0.03125,0.03125
343,0.000686,0.16375010113872376,-0.11784531115304467
344,0.0006879999999999999,0.13000876126034508,-0.04182343091082816
345,0.00069,-0.0890837476340553,-0.04704385965351085
346,0.000692,-0.0010855470432841116,-0.09319186300171622
347,0.000694,-0.09362710644990946,-0.1758531065845878
348,0.000696,0.03396453931991024,0.15614710013576963
349,0.0006979999999999999,0.20957096751284435,0.011827461791260475
350,0.0007,0.14709708691207962,0.009152913087920388
351,0.0007019999999999999,-0.021536035504456486,0.1018146781947985
352,0.000704,0.1298952024381784,-0.3307267912352521
353,0.0007059999999999999,0.15464741961048997,0.11745977915357436
354,0.000708,-0.16924015995951242,0.16420545669176329
355,0.00071,-0.0007399233636433272,-0.19456967156830568
356,0.000712,0.06188976177124334,-0.00159668498241098
357,0.000714,-0.031057347532998804,-0.16170206728130693
358,0.000716,0.0,-0.0625
359,0.000718,0.0820256740170425,-0.19938571128985477
360,0.0007199999999999999,-0.12556042088564726,-0.12110771181882125
361,0.000722,0.2062821266227446,0.17896434218817758
362,0.0007239999999999999,0.04693508378135028,-0.13038070043262598
363,0.000726,-0.13705873083229467,-0.16367379119104183
364,0.0007279999999999999,0.028813817261051554,0.1398466211601272
365,0.00073,0.033095462151336213,-0.0029025469809091375
366,0.000732,0.02209708691207961,0.07923543456039805
367,0.000734,0.2614444078662912,-0.10343022145770997
368,0.000736,-0.020969464069542476,0.056022727168298835
369,0.0007379999999999999,-0.0462010891751502,-0.04545350823370476
370,0.00074,-0.16942536173851058,0.1748520483064897
371,0.0007419999999999999,0.17765072944123098,0.22282880005748884
372,0.000744,-0.2569617940163935,-0.02441997844272123
373,0.0007459999999999999,-0.013781036651064504,0.17959017082005427
374,0.000748,-0.34375,0.09375
375,0.00075,0.07415430092566097,0.10299384787276794
376,0.000752,-0.10609104673752698,-0.07326952735285265
377,0.000754,0.1454072738729173,-0.1950644269332482
378,0.0007559999999999999,0.11850302557080644,0.012386036825875434
379,0.000758,-0.025223478636332453,-0.04831667572351106
380,0.0007599999999999999,-0.024057497583591048,-0.007229385612951528
381,0.000762,-0.16195979969822313,-0.007033373916757044
382,0.0007639999999999999,0.10290291308792039,0.05334708691207961
383,0.000766,-0.2095416645103255,-0.04812765324568164
384,0.000768,-0.07215273165622296,0.06632413514852314
385,0.00077,0.08343981163369107,0.0023837017779426983
386,0.000772,0.05182268143199009,0.004988717132395931
387,0.000774,-0.06896320472077423,-0.03745206348356102
388,0.000776,0.07751289431548564,0.06885421420045557
389,0.0007779999999999999,0.10267878629786212,0.0352591323570869
390,0.00078,-0.05517764319683816,0.15379438084046165
391,0.0007819999999999999,-0.0625,0.0625
392,0.000784,0.14822809861022515,0.06282774897693916
393,0.0007859999999999999,0.013203370360312883,-0.0008890091054526983
394,0.000788,0.12766670505048147,-0.16000311827418134
395,0.00079,-0.02949440660555913,-0.10772547652226258
396,0.000792,-0.01568250515432385,0.00795125993183849
397,0.000794,-0.1005228856585548,0.11157930933518954
398,0.0007959999999999999,0.11446792222288561,-0.08078222558332739
399,0.000798,-0.18213834764831843,-0.17455582617584078
400,0.0007999999999999999,-0.035607459498698237,0.1621497657998604
401,0.000802,0.013934439859045779,0.002937545387534317
402,0.0008039999999999999,-0.08069190733968282,-0.0035130011801804487
403,0.000806,0.08123300574030717,-0.20172571251755833
404,0.000808,0.012445500165504234,-0.09152981465283844
405,0.00081,-0.0028914731527610897,0.10057640184364344
406,0.000812,-0.006426522870231217,0.06892449912761266
407,0.0008139999999999999,-0.125,0.0
408,0.000816,0.01381688348100249,0.0029024636549454374
409,0.0008179999999999999,0.06812701877717439,-0.2655282375090512
410,0.00082,0.04464524012815078,-0.17432167972766782
411,0.0008219999999999999,0.23576260861010262,-0.04634175051883016
412,0.000824,-0.16343660244468144,-0.08196748164928261
413,0.0008259999999999999,-0.15634491738000417,-0.06331206386651027
414,0.000828,0.13677705223951414,-0.039157928745093995
415,0.00083,-0.11963834764831845,-0.012944173824159223
416,0.000832,0.07684733324323563,0.03263805585857854
417,0.000834,0.0651842648011175,0.292873608890028
418,0.0008359999999999999,0.08837519086550993,-0.0003451559661448514
419,0.000838,0.06768470878251096,0.19247256894910403
420,0.0008399999999999999,0.06339032484584893,-0.006437434196447336
421,0.000842,0.151543911476385,-0.1811649469264517
422,0.0008439999999999999,-0.07353763180180978,0.17137399431530093
423,0.000846,0.1875,0.0625
424,0.000848,0.12469618652064066,-0.057691726670889516
425,0.00085,0.09460707746041391,0.1549562361465454
426,0.000852,0.0492353604914573,0.15521052754395337
427,0.0008539999999999999,0.2353002327813999,0.0894196503464218
428,0.000856,-0.06039465341516053,0.07816061801218563
429,0.0008579999999999999,-0.004500666069627762,0.1168655925677227
430,0.00086,0.031213453972663743,0.05329034845892126
431,0.0008619999999999999,-0.005361652351681553,-0.26294417382415924
432,0.000864,0.025872249988821004,-0.3969229722776402
433,0.0008659999999999999,-0.06889001454845695,-0.046015445215125954
434,0.000868,0.047005956084686766,-0.04964127935130176
435,0.00087,-0.0004271795644663831,0.043254843396762235
436,0.0008719999999999999,0.14256810528633795,-0.09182003686245616
437,0.000874,0.006440756103531733,0.1762582772043141
438,0.0008759999999999999,-0.11656692038898633,0.0885857271023119
439,0.000878,0.0,-0.25
440,0.0008799999999999999,-0.13070330844527525,-0.00632976770312957
441,0.000882,0.25083922869873565,0.23646101046795845
442,0.0008839999999999999,-0.06550944550349647,0.11874726838257521
443,0.000886,0.05843156521405664,-0.060352423305329056
444,0.000888,-0.012194957243699678,-0.2748832314247853
445,0.00089,-0.09218492148508706,0.13664385726023492
446,0.000892,-0.20752640547383489,-0.23925210021955018
447,0.0008939999999999999,0.05713834764831845,0.07544417382415922
448,0.000896,-0.04637328860331457,-0.12279687234202738
449,0.0008979999999999999,0.06299461459165678,-0.1247957090624364
450,0.0009,-0.03395040448047006,-0.06291025672368922
451,0.0009019999999999999,0.10150946504164826,0.09099830017169208
452,0.000904,-0.14347190733646248,-0.21625057445485113
453,0.000906,0.19846019616611812,-0.14744642741814284
454,0.000908,-0.05517764319683816,0.15379438084046165
455,0.00091,0.14763988578685136,0.004869370229770867
456,0.0009119999999999999,0.0,-0.09375
457,0.000914,0.10949893493589248,-0.020730073224041558
458,0.0009159999999999999,0.09839485111245658,0.07983225912825198
459,0.000918,0.01837093268771851,-0.026233488780280208
460,0.0009199999999999999,-0.032050114783751985,0.006346968914431719
461,0.000922,0.1040289725255644,-0.022467607191520612
462,0.0009239999999999999,-0.07883406237443812,-0.04465582880741699
463,0.000926,-0.04964524556612064,-0.15739769454567934
464,0.000928,-0.0037912607362388384,0.08459708691207961
465,0.0009299999999999999,0.016187444460500286,-0.1502100919108052
466,0.000932,-0.015149294381855458,-0.26254893623815234
467,0.0009339999999999999,0.1457244015817587,-0.0784392765445286
468,0.000936,0.015137736654183345,0.04439016547427424
469,0.0009379999999999999,-0.17377873116619552,0.18396942393730822
470,0.00094,0.1755438414865958,-0.05437250951473936
471,0.0009419999999999999,0.16241667420615152,0.006834612068828901
472,0.000944,-0.15625,0.0625
473,0.000946,-0.03924482362235661,0.2067692087772592
474,0.000948,0.11138384559167869,0.1884066359992333
475,0.00095,0.0706136812347398,0.2004769245576233
476,0.0009519999999999999,0.02914840944068224,0.07782293843318153
477,0.000954,0.18913335220670152,-0.028685169250838118
478,0.0009559999999999999,-0.06206557907158862,-0.12403656289563822
479,0.000958,0.15312556829882318,-0.0805931273522984
480,0.0009599999999999999,-0.2537912607362388,0.04040291308792039
481,0.000962,0.10134147324308618,0.03109134153890924
482,0.0009639999999999999,-0.06950183311814531,0.15315612982311044
483,0.000966,-0.08466691378653282,0.38897768474426364
484,0.000968,0.16509501208493238,-0.013075131257976644
485,0.0009699999999999999,-0.433766296198527,0.006969239602758968
486,0.000972,0.002372631523529546,-0.12210379493307251
487,0.0009739999999999999,0.19056712982594617,0.0476756289084944
488,0.000976,-0.125,-0.15625
489,0.000978,-0.07776379203588267,0.014678969708205432
490,0.00098,0.011940577933179632,0.06377357807711248
491,0.000982,-0.028330403428610717,0.15059922527174996
492,0.0009839999999999998,0.2088268100803889,0.03026468343724982
493,0.000986,-0.2552241203502751,0.08537229799380328
494,0.000988,0.025849120810527274,-0.01784417119258301
495,0.00099,0.014867720884559135,-0.06407793820847876
496,0.000992,0.12879126073623884,0.04040291308792039
497,0.0009939999999999999,-0.13528428068554899,-0.009272723557883028
498,0.000996,0.19313423594576629,-0.08269764218630626
499,0.000998,0.24665675135960663,0.048260442282341984
500,0.001,-0.19191443195082025,-0.08100181782595578
501,0.0010019999999999999,0.12207926333970327,0.12359981536949931
502,0.001004,-0.160879270532232,-0.008127490485260638
503,0.001006,-0.0665644840793582,0.03142522897577216
504,0.001008,0.03125,-0.0625
505,0.00101,0.1915688864619377,0.0668634302180802
506,0.0010119999999999999,-0.09671927463731489,0.14654091738867603
507,0.001014,-0.1300124412699877,0.16099323998713475
508,0.001016,-0.20592510473731912,0.13556540921513693
509,0.001018,0.10464333109751245,0.08349796800560144
510,0.0010199999999999999,0.24005052063549948,0.06153656289563822
511,0.001022,0.12436944593978427,-0.06906616596632054
512,0.001024,-0.12120873926376116,0.08459708691207961
513,0.001026,0.01047285253900853,-0.06596675684636114
514,0.001028,0.016516891554234463,-0.036462941991925665
515,0.0010299999999999999,0.08486729632467074,-0.06430466562839413
516,0.001032,0.011681683211704513,-0.20031321639034183
517,0.001034,0.16610753324887917,-0.005479273169975594
518,0.001036,0.10796279752210669,0.05960379493307251
519,0.0010379999999999999,0.14763988578685136,0.004869370229770867
520,0.00104,0.06299905513777665,-0.15824613375247615
521,0.001042,-0.125,0.25
522,0.001044,-0.16217758581171476,0.29089947579459463
523,0.001046,-0.06862057011608483,-0.002301417196574826
524,0.0010479999999999999,0.21940094902065121,0.004907146185230651
525,0.00105,-0.0002311879143513662,-0.13374478160439845
526,0.001052,0.266615612599706,-0.07089800489590938
527,0.001054,-0.07000906869022056,-0.16796841901230425
528,0.0010559999999999999,-0.07984939287119931,-0.13309655919551855
529,0.001058,0.11048543456039805,-0.03504126073623884
530,0.00106,0.0840060500052602,0.18331589138029075
531,0.001062,-0.1995578526482925,-0.15870473076313685
532,0.001064,-0.07649297220544943,0.05759691383437898
533,0.0010659999999999999,-0.0146185848190106,-0.026119535562669834
534,0.001068,0.11322311785354255,0.034894824811787795
535,0.00107,0.0682208336929672,-0.3396967152722423
536,0.001072,-0.2060579824504541,-0.12036600479701032
537,0.0010739999999999999,0.15625,0.03125
538,0.001076,0.006531384104481307,0.07061901308929078
539,0.001078,-0.028938420943842642,0.026351855952388547
540,0.00108,0.030121702025782682,0.15553941852710806
541,0.0010819999999999998,-0.08843433378367163,0.07349258877960331
542,0.001084,0.004577891951472873,-0.09065430283457732
543,0.001086,0.024479514667339827,0.1574692864217626
544,0.001088,-0.1058462466562878,-0.030494760506198156
545,0.00109,0.0037912607362388384,0.14173543456039805
546,0.0010919999999999999,-0.256989423914876,0.11088149302653658
547,0.001094,-0.0011355677529139435,0.13663815702575657
548,0.001096,-0.22133949592716856,-0.08243342169821691
549,0.001098,-0.08936540600124107,0.28351685525614934
550,0.0010999999999999998,-0.16826341510112722,0.16969051328098264
551,0.001102,0.08351669261319336,-0.03758394238747753
552,0.001104,0.09874670306075647,-0.015359008443862301
553,0.001106,0.1875,0.0
554,0.001108,-0.03957653936986838,0.028567472168560842
555,0.0011099999999999999,0.026397029417425943,0.10423806180268948
556,0.001112,-0.028227742084394977,0.08925682147613413
557,0.001114,-0.04396298590980785,-0.12383773986807924
558,0.001116,-0.0944177469711838,0.09534050250270952
559,0.0011179999999999999,-0.057815923564212536,-0.03150122812022166
560,0.00112,0.02368144228464779,0.0564327809440102
561,0.001122,-0.11048543456039805,0.09754126073623884
562,0.001124,-0.24323568717785965,0.10240236842977174
563,0.001126,0.03512120804217787,0.0905928424161595
564,0.0011279999999999999,-0.020290952189416962,0.007772102595709179
565,0.00113,-0.33135228430178554,-0.06985133355812631
566,0.001132,0.03451757485999401,-0.10626477613494739
567,0.001134,0.10294397325669237,-0.07129913507346317
568,0.0011359999999999999,-0.060873692275440636,0.06935902265107566
569,0.001138,0.15625,0.09375
570,0.00114,-0.12636803769217345,-0.18792139009808248
571,0.001142,0.034550309290819974,-0.03990015291018474
572,0.001144,-0.06748959678858096,0.04255825067207489
573,0.0011459999999999999,0.13262850760783085,-0.06591006730712563
574,0.001148,0.1538062498900997,0.20072686366386633
575,0.00115,-0.036819565357862086,0.05716540365571866
576,0.001152,0.01720011377020092,-0.021782727493294164
577,0.0011539999999999999,-0.12879126073623884,-0.07923543456039805
578,0.001156,0.13425644926347702,-0.09876432379096287
579,0.001158,-0.04781613528928985,-0.15691461632709766
580,0.00116,-0.08568189185142298,0.0783561590008548
581,0.001162,0.18533627512203718,0.0624540138646468
582,0.0011639999999999999,-0.20650589448923043,0.26716437960608785
583,0.001166,0.13548354338210242,-0.06658525021177228
584,0.001168,0.06299905513777665,-0.15824613375247615
585,0.00117,0.060463038852911974,0.16743140855643676
586,0.0011719999999999999,0.0,-0.125
587,0.001174,-0.020381020317244865,0.1242089560268688
588,0.001176,0.15548055934418023,0.10760662430619777
589,0.001178,0.026028762181629625,-0.008166281711422786
590,0.0011799999999999998,0.17864330904272857,0.11607827482643096
591,0.0011819999999999999,0.28185994946038784,-0.04519182472267794
592,0.001184,-0.0090018481193357,0.049237641987248115
593,0.001186,0.0011944633102061383,-0.035828279117531045
594,0.001188,0.009152913087920388,0.02209708691207961
595,0.0011899999999999999,-0.03964898509556235,0.020064425778632183
596,0.001192,0.1121247324200789,0.2660616348367047
597,0.001194,0.06463692667773632,-0.05043222123665345
598,0.001196,-0.072025848307206,0.1381401654742742
599,0.0011979999999999998,-0.2481024917252989,-0.20228910466778285
600,0.0012,-0.19645084018166153,0.2063808612440211
601,0.001202,-0.007839454540445837,-0.04552342554266345
602,0.001204,-0.21875,-0.09375
603,0.001206,-0.10862053536919648,-0.10853271867058316
604,0.0012079999999999999,-0.0077586097672991475,0.14577960109784321
605,0.00121,0.03435735404794846,0.24039482628540487
606,0.001212,0.035414195955524454,0.160087246871592
607,0.001214,0.09884352749257726,0.042310461854838
608,0.0012159999999999999,0.22951438789269207,0.24760556720701984
609,0.001218,-0.36500690285907955,-0.027851782344850064
610,0.00122,0.05334708691207961,-0.19129126073623884
611,0.001222,0.08060195510698527,0.05227920875869217
612,0.001224,0.17100738443112506,-0.08732229544343795
613,0.0012259999999999999,-0.15225809837306808,0.027655801134346045
614,0.001228,-0.392031656691047,0.08067486874202337
615,0.00123,0.19595051103232836,0.011726538748659837
616,0.001232,-0.06937497919622079,0.1089214586039555
617,0.0012339999999999999,0.1761301885442293,-0.026225785960036968
618,0.001236,0.0625,0.0
619,0.001238,-0.00039116577628411225,0.05494985234441965
620,0.00124,0.06669855604388983,-0.05904690456422401
621,0.001242,0.09926667428803039,-0.03410608381468044
622,0.0012439999999999999,-0.09025496139441014,0.15981007282188747
623,0.001246,0.040796378064443584,0.05342366980315681
624,0.001248,0.2519197986374496,-0.05802840972699974
625,0.00125,0.07041581210799033,-0.11859758026030652
626,0.0012519999999999999,0.05334708691207961,-0.02209708691207961
627,0.001254,0.021864712673892214,0.16075696396205402
628,0.001256,-0.14165433528987434,0.08839999099431939
629,0.001258,0.04985151486377068,-0.13927149655661314
630,0.0012599999999999998,0.08719089125216135,0.012748182174044206
631,0.0012619999999999999,0.20255895923680584,-0.027030380269770143
632,0.001264,0.010883377145273015,-0.23591046411381655
633,0.001266,0.1543127041867186,-0.0009360906198693543
634,0.001268,0.03125,-0.03125
635,0.0012699999999999999,0.05051943225049617,-0.16537219613457232
636,0.001272,-0.0010321579724524785,0.26904902680850146
637,0.001274,0.19724184426761862,0.10142168654420002
638,0.001276,-0.12380254360384291,-0.06097559451991046
639,0.0012779999999999998,-0.16027607832345403,0.07222514507154798
640,0.0012799999999999999,-0.08226729546585061,-0.025426451818949786
641,0.001282,-0.01644654489916786,-0.08924516000781624
642,0.001284,0.009152913087920388,-0.05870873926376116
643,0.001286,0.08927891123027724,0.03842220323112554
644,0.0012879999999999999,-0.10486612920964805,0.019472321964095436
645,0.00129,0.10765171734297085,0.0392804646520557
646,0.001292,-0.12313338625390835,-0.10656321639034183
647,0.001294,0.015145940058846938,-0.08195120111460862
648,0.0012959999999999998,0.11477739928765396,-0.04278020338247849
649,0.001298,0.060463038852911974,0.16743140855643676
650,0.0013,0.11709047739124295,0.0010466547923550645
651,0.001302,0.125,0.125
652,0.001304,-0.1153490022770953,-0.015797402071844574
653,0.0013059999999999999,-0.05618992302116231,-0.004513924080534373
654,0.001308,0.08034425215716298,0.08493258095093746
655,0.00131,0.08562838961018296,-0.01948713438870596
656,0.001312,0.028601381153816496,-0.09996071423828393
657,0.0013139999999999998,0.14666345625653396,-0.09524551565671038
658,0.001316,0.1946426693401867,-0.13546947887426858
659,0.001318,-0.0625,0.16919417382415922
660,0.00132,-0.03297839958454364,0.13902871482710685
661,0.001322,-0.4870591963365076,0.017680218860980437
662,0.0013239999999999999,0.09612745770352807,0.030966391615140615
663,0.001326,-0.034614081171772455,0.3237888109102523
664,0.001328,-0.20001673738800743,0.010505048745193056
665,0.00133,-0.10456820589245928,0.05815200654436728
666,0.0013319999999999999,0.030706631988516545,0.002725017956581366
667,0.001334,-0.0625,-0.25
668,0.001336,0.1710116829868634,-0.047157086137802895
669,0.001338,-0.01029569408734738,-0.08360041176704017
670,0.00134,-0.1887888338713963,-0.2186129346630549
671,0.0013419999999999999,0.06843883743090978,0.15374027795716028
672,0.001344,0.14829082210861966,-0.1968724322396048
673,0.001346,-0.15598444971282002,-0.005822178658495488
674,0.001348,0.140902079715923,-0.020078329534424344
675,0.0013499999999999999,0.0625,0.04419417382415922
676,0.001352,0.11460768710561364,0.015117706818134055
677,0.001354,-0.16002500011513765,-0.18887458485647696
678,0.001356,0.1443383132966845,-0.09672576362622735
679,0.0013579999999999998,-0.003968204305409426,-0.14170023829616174
680,0.0013599999999999999,-0.11284557839606368,-0.021350305137738796
681,0.001362,-0.08101615569882394,0.022116267622463173
682,0.001364,-0.09317276286842485,-0.12840234406080342
683,0.001366,-0.125,0.25
684,0.0013679999999999999,-0.12320267506641727,-0.127894207503731
685,0.00137,0.04697487561459682,-0.22718024974362488
686,0.001372,-0.13808672293911842,-0.2274485679659375
687,0.001374,-0.11151673725850142,0.08198713438870596
688,0.0013759999999999998,-0.0964034619914933,0.04982718873500938
689,0.0013779999999999999,0.17633602974108317,0.025162994184232707
690,0.00138,-0.2185603838630048,-0.009159282159702867
691,0.001382,-0.0625,0.08080582617584078
692,0.001384,0.026333756827248606,0.026647345050888595
693,0.0013859999999999999,-0.2627169849577464,-0.16098604503682118
694,0.001388,-0.03838498692157264,-0.04793782701050846
695,0.00139,-0.11627426647654598,-0.0845121156136154
696,0.001392,0.1289262599707837,0.08800845742334998
697,0.0013939999999999998,0.04055994859566166,0.1369305149281104
698,0.0013959999999999999,-0.006788917465698435,0.11511561287577786
699,0.001398,0.0625,-0.125
700,0.0014,-0.11559445972553625,-0.1453071039418048
701,0.001402,-0.03854752026449491,-0.14809376205711908
702,0.0014039999999999999,0.13104636308944087,0.2839643507236912
703,0.001406,0.08244951021740868,-0.09124027795716029
704,0.001408,0.13066705838424042,-0.06112849633930609
705,0.00141,-0.07862668863647865,-0.06426034281398219
706,0.0014119999999999998,-0.1648197942387411,-0.07577785099551504
707,0.001414,0.0625,-0.04419417382415922
708,0.001416,0.07517140973386685,-0.09463796704094624
709,0.001418,-0.03214055683220059,0.04556875868063619
710,0.00142,-0.0865958425147291,-0.05913823002404102
711,0.0014219999999999999,0.029856551953727873,0.027423542999524847
712,0.001424,-0.027219743841895842,-0.019028746948618776
713,0.001426,0.0566360653473031,0.17296625385001452
714,0.001428,0.11709047739124295,0.0010466547923550645
715,0.0014299999999999998,-0.036257362693500744,-0.15708361992896885
716,0.001432,-0.21875,0.0625
717,0.001434,0.014806762187387794,-0.23126612089991655
718,0.001436,-0.024283886645618202,-0.16529064984297373
719,0.001438,-0.08459222862017922,0.12313473700914068
720,0.0014399999999999999,0.01892899739042217,-0.030087739868079236
721,0.001442,0.0919517801944901,0.06494450172529581
722,0.001444,-0.06325299617303143,0.1998049674722487
723,0.001446,-0.12620373564277754,-0.04430826117849734
724,0.0014479999999999999,-0.15467960838455727,-0.04040291308792039
725,0.00145,0.07346137317329865,-0.1650946744277656
726,0.001452,-0.048535285622161445,0.15578291347822282
727,0.001454,-0.13640606482627265,0.05803509309225946
728,0.0014559999999999998,-0.09516249612721656,0.1855484149554441
729,0.0014579999999999999,-0.2647331463677398,-0.00985613437646166
730,0.00146,0.35818263610549034,0.12446111065025756
731,0.001462,-0.09808593346335592,0.09780826436831158
732,0.001464,0.25,0.15625
733,0.0014659999999999999,0.013723205357749367,-0.10018335849672862
734,0.001468,0.05982907924642506,-0.09634321824668973
735,0.00147,-0.048456406683915224,0.11502289533776072
736,0.001472,-0.11710957752453433,0.027839932692874367
737,0.0014739999999999998,-0.04999394518145722,-0.27087320334473597
738,0.0014759999999999999,-0.15955578184026942,0.01861836567502107
739,0.001478,-0.07434258665589644,-0.13250571979912654
740,0.00148,0.11048543456039805,-0.19887378220871652
741,0.001482,0.0020845352041301973,0.02080483802911546
742,0.0014839999999999999,0.06410342035220373,-0.13922604851351797
743,0.001486,-0.14033133168608447,-0.187525668325686
744,0.001488,0.05433240347482979,0.06669939221976079
745,0.00149,-0.07636683247706841,-0.1897465902042809
746,0.0014919999999999998,0.24090758010554036,-0.10261112057176114
747,0.0014939999999999999,0.15649033366637724,-0.07612028886362393
748,0.001496,0.15625,0.0
749,0.001498,-0.0012177964159058377,-0.10654561150406723
750,0.0015,-0.10996925692283613,0.030383608106654553
751,0.0015019999999999999,0.06276431756766811,-0.010018145204620493
752,0.001504,-0.1881231712145814,-0.03999478160439844
753,0.001506,-0.013190872180198841,-0.10090521213588793
754,0.001508,-0.12950500503560472,0.0956355487810733
755,0.0015099999999999998,0.02081263592548878,0.2612510445534592
756,0.0015119999999999999,0.15467960838455727,-0.08459708691207961
757,0.001514,0.000634526069625857,-0.23369542575437524
758,0.001516,-0.1871921267237048,-0.1413802573914939
759,0.001518,0.1862736123157958,0.17495904504136606
760,0.0015199999999999999,-0.03742002534526112,0.04614575886871511
761,0.001522,0.0027477570834558707,-0.0037134695924110226
762,0.001524,0.10888506292619399,-0.05943612942534814
763,0.001526,0.016173333100026492,-0.20470142148190273
764,0.0015279999999999998,0.0625,-0.09375
765,0.00153,-0.04318498835086904,0.25564460341898704
766,0.001532,-0.05057593567797073,-0.01874974001699107
767,0.001534,-0.12236519478184828,0.016286720672630588
768,0.001536,0.03630375134869354,0.1672425887796033
769,0.0015379999999999999,-0.16722328751992382,-0.10648645685421895
770,0.00154,-0.05301630284100513,-0.1372821866317062
771,0.001542,-0.10858668423636189,-0.09789338826292512
772,0.001544,-0.11048543456039805,0.19887378220871652
773,0.0015459999999999998,0.0432457733678568,0.06033574963475077
774,0.001548,0.046623991993662524,-0.125176607573211
775,0.00155,0.03311329671483591,0.0636587129704228
776,0.001552,0.07825011799764789,0.07660643395608
777,0.0015539999999999998,-0.1267448441448316,0.11663656478270065
778,0.0015559999999999999,-0.05264519324731394,-0.1391905559497852
779,0.001558,-0.036257362693500744,-0.15708361992896885
780,0.00156,0.0924927965620675,0.0033167332207713895
781,0.001562,0.09375,0.25
782,0.0015639999999999999,-0.03892846165437784,0.14054243715683706
783,0.001566,-0.0006956345785899404,0.1617334638684937
784,0.001568,0.05122966347769271,0.1503641287440955
785,0.00157,-0.08039769469231882,-0.1263772998629802
786,0.0015719999999999998,0.0883170679755593,-0.009913438702812104
787,0.0015739999999999999,-0.09696484440972561,-0.07358567131416638
788,0.001576,-0.10448720797805539,0.1259028684307034
789,0.001578,-0.19129126073623884,-0.02209708691207961
790,0.00158,0.04038112672855132,0.004094255518778976
791,0.0015819999999999999,0.18226509486803158,0.23844364311599658
792,0.001584,-0.24140052306880602,0.10300402304017485
793,0.001586,0.014533613520546364,0.08403894991379582
794,0.001588,-0.07687155738646614,0.14391436392023538
795,0.0015899999999999998,0.04458966039949342,-0.009774685538793994
796,0.0015919999999999999,0.05985645160102579,0.00561660794592117
797,0.001594,0.125,-0.09375
798,0.001596,0.008304760177521946,-0.04155023987219182
799,0.001598,0.36001066233888923,-0.048563631877538996
800,0.0015999999999999999,-0.01878223963795246,-0.18803105522313918
801,0.001602,0.0826455018675237,0.2915534943475021
802,0.001604,0.026881552596468884,0.1213928128628817
803,0.001606,-0.11474792676345114,0.03409032225222709
804,0.0016079999999999998,0.17725746630688785,0.32248641265462363
805,0.0016099999999999999,0.09217960838455727,0.04040291308792039
806,0.001612,0.06652859984012482,-0.03460745579946643
807,0.001614,-0.13482604688354366,-0.062426414588303725
808,0.001616,0.23633309307660474,0.2071265839974936
809,0.0016179999999999999,0.021538949913795825,-0.014533613520546364
810,0.00162,-0.07595320808583206,-0.07976817460850091
811,0.001622,-0.16585244025117574,-0.2252673522686391
812,0.001624,0.009208306098156357,-0.1996489524843812
813,0.0016259999999999998,-0.09375,0.0
814,0.0016279999999999999,0.052126226835802134,-0.05512295267776053
815,0.00163,0.1751097134494965,0.15526215048191605
816,0.001632,-0.0031518760471369173,-0.2707839920428849
817,0.0016339999999999998,-0.07049065295599961,0.10048895221466175
818,0.0016359999999999999,-0.2241129932073874,0.093536156572713
819,0.001638,-0.18341911758900256,-0.11840994303624336
820,0.00164,0.2139193824885422,-0.009118060452895739
821,0.001642,-0.05870873926376116,0.02209708691207961
822,0.0016439999999999998,-0.10673077283292914,0.004318829381610795
823,0.001646,0.1618271133979706,0.09836605470705158
824,0.001648,-0.020313554003260098,-0.027644148616819644
825,0.00165,-0.07703361352054636,-0.021538949913795825
826,0.0016519999999999998,0.16760749374286002,-0.09921709000030206
827,0.0016539999999999999,0.13060838507187317,0.09658438336184214
828,0.001656,0.08844244573875035,-0.17555329684668233
829,0.001658,0.0,-0.03125
830,0.00166,-0.021502525358946246,0.05180161348438771
831,0.0016619999999999998,0.017351954086841093,0.10656801752712926
832,0.001664,0.22070445220739665,-0.11386068078843799
833,0.001666,-0.05675715421920525,-0.14066514669918365
834,0.001668,0.10891437263535922,0.0259543523950391
835,0.0016699999999999998,0.09335519346554244,0.032905292098182645
836,0.0016719999999999999,-0.036689640817374664,-0.07300231246806033
837,0.001674,-0.21717960838455727,0.08459708691207961
838,0.001676,-0.00017895373574700751,-0.06947648719219578
839,0.001678,-0.01104285667909538,0.1006167167652556
840,0.0016799999999999999,0.2753809839954613,0.13982514088951783
841,0.001682,-0.08403894991379582,0.07703361352054636
842,0.001684,-0.014782728270561821,-0.1958989824392541
843,0.001686,0.04243109007644604,0.013457654445590939
844,0.0016879999999999998,0.0924927965620675,0.0033167332207713895
845,0.0016899999999999999,-0.16448685627658835,0.1245124099012918
846,0.001692,-0.03125,-0.09375
847,0.001694,0.0032179748068170144,-0.0615767411082736
848,0.001696,0.05274925873452762,0.03286457295555424
849,0.0016979999999999999,-0.022653516240622246,-0.06271070942468289
850,0.0017,0.13044573464892356,-0.20556295938915037
851,0.001702,0.20984319921903744,-0.06659764429936338
852,0.001704,0.20127238538896325,-0.1414355927161138
853,0.0017059999999999998,-0.0015903828254676816,0.033717508702000756
854,0.0017079999999999999,0.07165291308792039,-0.12879126073623884
855,0.00171,-0.18699763174068385,0.08410184497767176
856,0.001712,-0.264097702899716,-0.02576264150131597
857,0.001714,-0.055408798444048724,0.041186838520216325
858,0.0017159999999999999,0.04224258877960334,0.1447183223030573
859,0.001718,-0.00685091420524378,0.10397117886262665
860,0.00172,-0.17284776948348068,-0.0342167792558305
861,0.001722,0.00931218479141242,-0.14679138473143155
862,0.0017239999999999998,0.0625,0.0625
863,0.0017259999999999999,0.18146031489234093,-0.21606048598154878
864,0.001728,0.11861389336597064,0.10426673247499538
865,0.00173,0.038599720669344875,-0.0658524378446665
866,0.0017319999999999998,-0.19955908774194298,0.08743822734980461
867,0.0017339999999999999,0.04194840466748033,0.18667306057536004
868,0.001736,-0.007093293815848473,-0.03531832173998056
869,0.001738,0.013761843415428378,0.0104246765845104
870,0.00174,0.11584708691207961,-0.06629126073623884
871,0.0017419999999999998,0.11243857620075728,0.3051677275965685
872,0.0017439999999999999,0.10979600422659626,-0.18285349664878836
873,0.001746,0.12342499743609604,-0.02978418756011003
874,0.001748,-0.16499478160439843,0.08361177034932943
875,0.0017499999999999998,-0.14911086737898377,-0.09288953152134459
876,0.0017519999999999999,-0.023189465583110337,0.1337640292529398
877,0.001754,0.04405758538433003,0.014957338805326112
878,0.001756,-0.09375,-0.21875
879,0.001758,0.05833758342305742,0.2323848718344516
880,0.0017599999999999998,-0.010225707006345043,-0.13236820860746584
881,0.001762,-0.022064518730626283,-0.12938385136482555
882,0.001764,-0.2737515608247644,0.2604804379166727
883,0.001766,-0.05847084898867223,-0.19236175365381597
884,0.0017679999999999998,-0.1581944855613716,0.014464959590613474
885,0.0017699999999999999,0.18432335379834414,-0.1315572559514187
886,0.001772,0.11584708691207961,0.0037912607362388384
887,0.001774,-0.08956790861165898,-0.04891003746913866
888,0.001776,-0.14840640474278707,0.06211237898536268
889,0.0017779999999999998,0.09608088739153761,0.13056737804103574
890,0.00178,-0.09716006730712566,0.08697585152110189
891,0.001782,-0.07675104261334187,0.16182860490267226
892,0.001784,0.018780542442387985,0.002362656122193524
893,0.0017859999999999998,-0.05220328450870115,0.03534298159781149
894,0.0017879999999999999,-0.0625,0.125
895,0.00179,-0.07969550251266828,0.1319319846458237
896,0.001792,0.06741594549912058,0.04701359847355313
897,0.001794,0.07376782682017827,-0.13634325510319378
898,0.0017959999999999999,-0.03213508608221623,0.23264429412267307
899,0.001798,-0.1256712423795709,0.25463682485954475
900,0.0018,-0.16098460601174316,-0.13948774043115597
901,0.001802,-0.033174443778757806,0.05939372509190969
902,0.0018039999999999998,0.07165291308792039,0.06629126073623884
903,0.0018059999999999999,0.0008065935420384709,0.07296083550444546
904,0.001808,-0.17584528717736692,-0.1552729361318953
905,0.00181,-0.23174659890185956,0.25232022473622673
906,0.001812,-0.15508773986807925,0.059694055826511355
907,0.0018139999999999999,0.16506331167929483,0.14473926027432032
908,0.001816,0.052256692624203065,-0.05013321082266592
909,0.001818,-0.16448685627658835,0.1245124099012918
910,0.00182,-0.12161971788955472,0.010725368633330082
911,0.0018219999999999998,0.0625,-0.03125
912,0.0018239999999999999,0.02065260079705506,-0.22712905013119714
913,0.001826,-0.11785128433789747,-0.024048648451080346
914,0.001828,0.14740021254231334,0.07044253215273477
915,0.0018299999999999998,-0.1407501179976479,-0.058300607780239204
916,0.0018319999999999999,0.0635961770943162,-0.17438749593342115
917,0.001834,0.17604955544989664,0.050165653342879576
918,0.001836,0.0031305169443292258,-0.04303538728681871
919,0.001838,-0.11584708691207961,-0.22254126073623884
920,0.0018399999999999998,-0.010320702711889375,0.07038573487803987
921,0.0018419999999999999,-0.14179620115595354,0.004537988571772983
922,0.001844,-0.049449231698443105,-0.27706398246046116
923,0.001846,-0.010415403700375095,0.2058248742567852
924,0.0018479999999999998,-0.12521360342665844,-0.018598928503061805
925,0.0018499999999999999,-0.1660695707243961,0.3116188592952239
926,0.001852,-0.14137318302752333,-0.18899292153988762
927,0.001854,0.09375,0.0625
928,0.001856,-0.04399449219907117,-0.13744901064664297
929,0.0018579999999999998,-0.09501939136856333,0.06551636662944779
930,0.0018599999999999999,-0.07592499443758188,-0.10833164231786097
931,0.001862,-0.025079974654738872,0.06054841495544408
932,0.001864,-0.09612625674503969,0.12436485278541581
933,0.0018659999999999998,-0.041648353011207936,-0.02152372442800897
934,0.0018679999999999999,0.024345216705268465,0.07332694946962617
935,0.00187,0.09754126073623884,0.009152913087920388
936,0.001872,0.2964329986517932,0.14875565043489075
937,0.001874,-0.02282311890258169,-0.17472014605791558
938,0.0018759999999999998,0.04311393725875444,-0.23558182463473165
939,0.001878,0.03723482356626294,0.08024768917755698
940,0.00188,0.22075790338988044,0.23246083775163462
941,0.001882,0.04774872907089133,-0.03816636823705094
942,0.0018839999999999998,-0.1317051667676788,-0.16548258809610983
943,0.0018859999999999999,-0.0625,0.03125
944,0.001888,0.049132449915879874,0.04028624820764573
945,0.00189,0.09757482503655636,-0.14159624242230823
946,0.001892,-0.0006967081375058443,0.049025526321228745
947,0.0018939999999999999,-0.11683240347482979,-0.04839356604392001
948,0.001896,0.13179648044388353,0.013235184760736846
949,0.001898,-0.2396658294464642,0.1627603184767361
950,0.0019,-0.10066579088291301,0.0026428449882361996
951,0.0019019999999999998,-0.07165291308792039,-0.08995873926376116
952,0.0019039999999999999,0.037125887323192226,-0.00444273568920802
953,0.001906,0.24373284576206816,-0.19036736647579633
954,0.001908,0.19054445193340197,0.11923166307761107
955,0.0019099999999999998,0.14299792517285276,0.11425764721569248
956,0.0019119999999999999,-0.00028443075844807736,0.07102254779917125
957,0.001914,-0.006303482492537427,-0.009750191727880636
958,0.001916,-0.0018247340457470673,-0.02901731100419752
959,0.001918,-0.21875,-0.0625
960,0.0019199999999999998,-0.09120752303900323,0.20152436056332954
961,0.0019219999999999999,0.02690750302158599,0.11529356718889613
962,0.001924,-0.3185459619740905,-0.1663903097222355
963,0.001926,0.03266249612721655,-0.07885424113128486
964,0.0019279999999999998,-0.08246883191411689,-0.23473534334323543
965,0.0019299999999999999,-0.23312372064054293,0.14698610025671172
966,0.001932,0.04293616366718237,0.016609740132458098
967,0.001934,-0.03504126073623884,0.05334708691207961
968,0.001936,0.1689554765586803,0.08484549767977917
969,0.0019379999999999998,0.009274821944785492,-0.15461551898301645
970,0.0019399999999999999,-0.009665010190211546,-0.12810865771292218
971,0.001942,-0.16981734503874063,-0.02533021065003465
972,0.001944,-0.03883413338045394,-0.19013835061387707
973,0.0019459999999999998,-0.03698732820563939,-0.10209064697861078
974,0.0019479999999999999,-0.12161971788955472,0.010725368633330082
975,0.00195,-0.41453371956477586,-0.11966496497987644
976,0.001952,-0.03125,-0.21875
977,0.001954,-0.07184136360503475,0.1731919879281632
978,0.001956,0.13325414657146284,0.06582924212458766
979,0.001958,-0.038881501058231516,-0.017479524071442057
980,0.00196,-0.1157161294782622,-0.11908021065003466
981,0.0019619999999999998,0.16700655472365378,-0.06851743838044727
982,0.001964,0.20278387738806142,0.10193906112291726
983,0.001966,-0.0650893455930205,0.017771882050141203
984,0.0019679999999999997,0.14709708691207962,0.03504126073623884
985,0.00197,-0.0033053159897913856,0.005173021060187029
986,0.001972,0.08482925668198615,-0.02206149929275711
987,0.001974,-0.026678202845806034,-0.05125225123635419
988,0.001976,0.3970311636945598,0.15905594417348867
989,0.0019779999999999997,0.23537742766286382,-0.04588130759762127
990,0.00198,0.04282910960711402,0.012737801648386574
991,0.001982,-0.00906007089685739,0.11152904777429376
992,0.001984,-0.0625,0.0625
993,0.001986,-0.2991036922659305,0.12156405511895581
994,0.0019879999999999997,-0.14374029011464065,0.2870379996623558
995,0.00199,-0.0005688199613525062,0.07242514016285087
996,0.001992,-0.040598904738035416,0.020507647215692454
997,0.001994,0.21538316872949237,0.14336160524519725
998,0.001996,0.09773075567246772,-0.1683114880678376
999,0.0019979999999999998,0.03469561954886745,0.10997207398123915
1000,0.002,0.11048543456039805,0.17834708691207962
1001,0.002002,-0.04426790783480639,0.07947875202754415
1002,0.0020039999999999997,0.16662500316043416,-0.04835687367592293
1003,0.002006,0.07341862967152266,-0.10423680538405236
1004,0.002008,0.07112997235387294,0.07403167769694269
1005,0.00201,0.05403137842564848,0.17248516318177853
1006,0.002012,0.014453647116129176,0.20028756888296914
1007,0.0020139999999999997,-0.057605635153821166,-0.10169828657634358
1008,0.002016,0.21875,0.09375
1009,0.002018,0.0017380810812418351,-0.20246927820389865
1010,0.00202,-0.1993034295222335,-0.05434355056299814
1011,0.002022,0.06272804034240456,-0.1487904458003071
1012,0.0020239999999999998,0.07152195565410298,-0.013502310822443013
1013,0.002026,0.07060435151061169,-0.10489511053813397
1014,0.002028,-0.23185110442915413,0.02558592010199215
1015,0.00203,-0.08011743561395103,0.07150304170076749
1016,0.002032,0.10290291308792039,-0.09754126073623884
1017,0.002034,-0.02775164169052901,-0.04911034592737897
1018,0.002036,-0.04230570495380359,-0.013733890091880545
1019,0.002038,-0.10618482102901862,0.0774027398442331
1020,0.0020399999999999997,-0.10283698987040057,0.13513822965067057
1021,0.002042,0.15085114968288008,-0.17221521089462027
1022,0.002044,-0.08590700943470564,-0.06890162260507172
1023,0.002046,0.10449070735758889,0.03490218082069762
1024,0.002048,0.125,-0.1875
1025,0.0020499999999999997,0.06572156123522098,0.15942195341464518
1026,0.002052,-0.2687638175278625,0.0032530040726915788
1027,0.002054,0.007760140843772512,0.07310599457885444
1028,0.002056,0.08479307856219463,0.11207487425678522
1029,0.002058,-0.13047854453707708,0.009312108543340178
1030,0.0020599999999999998,0.056336471368625,-0.010990188453708666
1031,0.002062,0.06044318461933272,0.05246172052571768
1032,0.002064,-0.11048543456039805,0.13415291308792038
1033,0.0020659999999999997,0.09848019317971851,-0.11047345012158083
1034,0.002068,0.019404835704657064,0.03237556776392366
1035,0.00207,-0.044816770666654154,-0.07795154339041963
1036,0.002072,0.13467585382196784,0.1317741484788981
1037,0.002074,0.01755459969183759,-0.11042650485613004
1038,0.0020759999999999997,0.15362425271146246,0.15765294737035287
1039,0.002078,-0.41453371956477586,-0.11966496497987644
orignal_length,original_len_symbol,N,BANDWIDTH,CP_LEN,TS
2048,1024,64,500000,1,2e-06
